4 < 5
10 > 100
4 == 6
5 == 5
5 != 4
5 ! 5
task1 <- !(10<5)
task1

task2 <- -10 > 10
task2

task1 | task2
task1 & task2
